student_id,theta,true_score,method,q_no,C_level,D_level,is_correct,cumulative_correct,theta_est,se,es
742,-1.085150526557798,31.814957529556047,CAT-EAP,1,C4,D2,0,0,-0.48969714148168564,0.8520389267282031,
742,-1.085150526557798,31.814957529556047,CAT-EAP,2,C3,D2,0,0,-0.8985845667617293,0.7611467108410939,
742,-1.085150526557798,31.814957529556047,CAT-EAP,3,C3,D1,1,1,-0.5604559456329041,0.6607409163627339,
742,-1.085150526557798,31.814957529556047,CAT-EAP,4,C2,D3,1,2,-0.30017289365254884,0.6002892975610474,
742,-1.085150526557798,31.814957529556047,CAT-EAP,5,C3,D3,1,3,-0.07373117331993548,0.5602485490694595,
742,-1.085150526557798,31.814957529556047,CAT-EAP,6,C3,D3,0,3,-0.2767401117486263,0.5132527558100642,
742,-1.085150526557798,31.814957529556047,CAT-EAP,7,C4,D1,1,4,-0.11262064361811061,0.4858068580211368,
742,-1.085150526557798,31.814957529556047,CAT-EAP,8,C3,D3,0,4,-0.2649283760506077,0.45456612355490483,
742,-1.085150526557798,31.814957529556047,CAT-EAP,9,C4,D1,1,5,-0.11887524354547414,0.4346660643045236,
742,-1.085150526557798,31.814957529556047,CAT-EAP,10,C4,D2,0,5,-0.22873976930099585,0.41265319585719823,
742,-1.085150526557798,31.814957529556047,CAT-EAP,11,C3,D3,0,5,-0.344467803273584,0.3956157107927843,
742,-1.085150526557798,31.814957529556047,CAT-EAP,12,C4,D1,0,5,-0.4494072940087342,0.3822518858236772,
742,-1.085150526557798,31.814957529556047,CAT-EAP,13,C3,D2,1,6,-0.34199766936870096,0.36651906818580277,
742,-1.085150526557798,31.814957529556047,CAT-EAP,14,C3,D3,0,6,-0.4242180765124917,0.3557693982883489,
742,-1.085150526557798,31.814957529556047,CAT-EAP,15,C3,D1,1,7,-0.35056277365996785,0.3436826378440599,
742,-1.085150526557798,31.814957529556047,CAT-EAP,16,C3,D3,0,7,-0.42883554943727775,0.3346747232229409,
742,-1.085150526557798,31.814957529556047,CAT-EAP,17,C3,D1,0,7,-0.5171757199731756,0.3273648803967308,
742,-1.085150526557798,31.814957529556047,CAT-EAP,18,C2,D3,1,8,-0.4578392670985882,0.31747171368300353,
742,-1.085150526557798,31.814957529556047,CAT-EAP,19,C3,D2,0,8,-0.5326139393473094,0.3109641992042517,
742,-1.085150526557798,31.814957529556047,CAT-EAP,20,C2,D3,0,8,-0.6143023440520651,0.3054636589255482,
742,-1.085150526557798,31.814957529556047,CAT-MLE,1,C4,D2,0,0,-0.856367633032597,1.7277949278140572,
742,-1.085150526557798,31.814957529556047,CAT-MLE,2,C3,D1,0,0,-1.9106525908741672,1.5257052804724403,
742,-1.085150526557798,31.814957529556047,CAT-MLE,3,C1,D1,1,1,-1.5867674230389162,0.9617985299727014,
742,-1.085150526557798,31.814957529556047,CAT-MLE,4,C1,D3,0,1,-2.00353642153367,0.8458266772918008,
742,-1.085150526557798,31.814957529556047,CAT-MLE,5,C1,D1,1,2,-1.6221240978055285,0.6847815656053962,
742,-1.085150526557798,31.814957529556047,CAT-MLE,6,C1,D2,1,3,-1.357703075729855,0.6128049021389075,
742,-1.085150526557798,31.814957529556047,CAT-MLE,7,C2,D1,1,4,-1.1254900465458049,0.5687862260541195,
742,-1.085150526557798,31.814957529556047,CAT-MLE,8,C2,D2,1,5,-0.9127725800530073,0.5398818848840319,
742,-1.085150526557798,31.814957529556047,CAT-MLE,9,C3,D1,0,5,-1.0934218292464017,0.49027320497990484,
742,-1.085150526557798,31.814957529556047,CAT-MLE,10,C2,D2,1,6,-0.9193671963319312,0.46891922203373126,
742,-1.085150526557798,31.814957529556047,CAT-MLE,11,C2,D3,0,6,-1.0592955148961232,0.4371942939629256,
742,-1.085150526557798,31.814957529556047,CAT-MLE,12,C2,D2,0,6,-1.2064378776438245,0.41408690764484335,
742,-1.085150526557798,31.814957529556047,CAT-MLE,13,C1,D3,1,7,-1.1027996840148266,0.39774634536863723,
742,-1.085150526557798,31.814957529556047,CAT-MLE,14,C2,D2,0,7,-1.2083772766425147,0.3806962342390842,
742,-1.085150526557798,31.814957529556047,CAT-MLE,15,C2,D2,1,8,-1.1118140249043953,0.36778156818160523,
742,-1.085150526557798,31.814957529556047,CAT-MLE,16,C2,D2,1,9,-1.0275945199998837,0.35750353331925727,
742,-1.085150526557798,31.814957529556047,CAT-MLE,17,C2,D3,0,9,-1.102461331934625,0.3443604711866602,
742,-1.085150526557798,31.814957529556047,CAT-MLE,18,C2,D2,0,9,-1.181560567044717,0.33359409006824964,
742,-1.085150526557798,31.814957529556047,CAT-MLE,19,C1,D3,0,9,-1.2720361629390353,0.3244640792683553,
742,-1.085150526557798,31.814957529556047,CAT-MLE,20,C2,D1,1,10,-1.2064163752729145,0.31550021035166237,
742,-1.085150526557798,31.814957529556047,RB-Prior,1,C1,D1,0,0,,,41.666666666666664
742,-1.085150526557798,31.814957529556047,RB-Prior,2,C1,D1,0,0,,,35.714285714285715
742,-1.085150526557798,31.814957529556047,RB-Prior,3,C1,D1,1,1,,,43.75
742,-1.085150526557798,31.814957529556047,RB-Prior,4,C1,D2,1,2,,,51.08695652173913
742,-1.085150526557798,31.814957529556047,RB-Prior,5,C1,D3,1,3,,,57.54716981132076
742,-1.085150526557798,31.814957529556047,RB-Prior,6,C2,D1,0,3,,,52.13675213675214
742,-1.085150526557798,31.814957529556047,RB-Prior,7,C2,D1,1,4,,,56.25000000000001
742,-1.085150526557798,31.814957529556047,RB-Prior,8,C2,D2,1,5,,,60.33994334277621
742,-1.085150526557798,31.814957529556047,RB-Prior,9,C2,D3,1,6,,,64.24010217113666
742,-1.085150526557798,31.814957529556047,RB-Prior,10,C3,D1,0,6,,,59.667852906287074
742,-1.085150526557798,31.814957529556047,RB-Prior,11,C3,D1,0,6,,,55.70321151716501
742,-1.085150526557798,31.814957529556047,RB-Prior,12,C3,D1,0,6,,,52.23260643821392
742,-1.085150526557798,31.814957529556047,RB-Prior,13,C3,D1,0,6,,,49.16911045943305
742,-1.085150526557798,31.814957529556047,RB-Prior,14,C3,D1,1,7,,,51.98522622345338
742,-1.085150526557798,31.814957529556047,RB-Prior,15,C3,D2,0,7,,,48.74458874458875
742,-1.085150526557798,31.814957529556047,RB-Prior,16,C3,D1,0,7,,,46.33744855967079
742,-1.085150526557798,31.814957529556047,RB-Prior,17,C3,D1,0,7,,,44.156862745098046
742,-1.085150526557798,31.814957529556047,RB-Prior,18,C3,D1,0,7,,,42.17228464419476
742,-1.085150526557798,31.814957529556047,RB-Prior,19,C3,D1,0,7,,,40.358422939068106
742,-1.085150526557798,31.814957529556047,RB-Prior,20,C3,D1,0,7,,,38.69415807560138
742,-1.085150526557798,31.814957529556047,RB-Prior,21,C3,D1,1,8,,,41.12211221122113
742,-1.085150526557798,31.814957529556047,RB-Prior,22,C3,D2,0,8,,,39.25645872715817
742,-1.085150526557798,31.814957529556047,RB-Prior,23,C3,D1,1,9,,,41.469338190649665
742,-1.085150526557798,31.814957529556047,RB-Prior,24,C3,D2,0,9,,,39.73240255962769
742,-1.085150526557798,31.814957529556047,RB-Prior,25,C3,D1,0,9,,,38.39235525576166
742,-1.085150526557798,31.814957529556047,RB-Prior,26,C3,D1,0,9,,,37.139749864056554
742,-1.085150526557798,31.814957529556047,RB-Prior,27,C3,D1,0,9,,,35.9662980516061
742,-1.085150526557798,31.814957529556047,RB-Prior,28,C3,D1,0,9,,,34.86472690148034
742,-1.085150526557798,31.814957529556047,RB-Prior,29,C3,D1,1,10,,,36.80039623576027
742,-1.085150526557798,31.814957529556047,RB-Prior,30,C3,D2,0,10,,,35.53323768531802
742,-1.085150526557798,31.814957529556047,RB-Prior,31,C3,D1,0,10,,,34.54207345420734
742,-1.085150526557798,31.814957529556047,RB-Prior,32,C3,D1,0,10,,,33.60470375395747
742,-1.085150526557798,31.814957529556047,RB-Prior,33,C3,D1,1,11,,,35.358872743284884
742,-1.085150526557798,31.814957529556047,RB-Prior,34,C3,D2,0,11,,,34.27230046948356
742,-1.085150526557798,31.814957529556047,RB-NoPrior,1,C1,D1,1,1,,,100.0
742,-1.085150526557798,31.814957529556047,RB-NoPrior,2,C1,D2,0,1,,,45.45454545454545
742,-1.085150526557798,31.814957529556047,RB-NoPrior,3,C1,D1,1,2,,,62.5
742,-1.085150526557798,31.814957529556047,RB-NoPrior,4,C1,D2,1,3,,,72.72727272727272
742,-1.085150526557798,31.814957529556047,RB-NoPrior,5,C1,D3,1,4,,,79.31034482758619
742,-1.085150526557798,31.814957529556047,RB-NoPrior,6,C2,D1,0,4,,,66.66666666666666
742,-1.085150526557798,31.814957529556047,RB-NoPrior,7,C2,D1,1,5,,,71.24999999999999
742,-1.085150526557798,31.814957529556047,RB-NoPrior,8,C2,D2,1,6,,,75.32188841201716
742,-1.085150526557798,31.814957529556047,RB-NoPrior,9,C2,D3,1,7,,,78.82136279926334
742,-1.085150526557798,31.814957529556047,RB-NoPrior,10,C3,D1,0,7,,,70.97844112769485
742,-1.085150526557798,31.814957529556047,RB-NoPrior,11,C3,D1,0,7,,,64.5550527903469
742,-1.085150526557798,31.814957529556047,RB-NoPrior,12,C3,D1,1,8,,,67.49654218533887
742,-1.085150526557798,31.814957529556047,RB-NoPrior,13,C3,D2,0,8,,,61.38364779874214
742,-1.085150526557798,31.814957529556047,RB-NoPrior,14,C3,D1,1,9,,,64.09356725146198
742,-1.085150526557798,31.814957529556047,RB-NoPrior,15,C3,D2,0,9,,,59.11542610571736
742,-1.085150526557798,31.814957529556047,RB-NoPrior,16,C3,D1,1,10,,,61.60081053698073
742,-1.085150526557798,31.814957529556047,RB-NoPrior,17,C3,D2,0,10,,,57.41265344664776
742,-1.085150526557798,31.814957529556047,RB-NoPrior,18,C3,D1,0,10,,,54.33422698838247
742,-1.085150526557798,31.814957529556047,RB-NoPrior,19,C3,D1,0,10,,,51.56912637828667
742,-1.085150526557798,31.814957529556047,RB-NoPrior,20,C3,D1,0,10,,,49.07183212267957
742,-1.085150526557798,31.814957529556047,RB-NoPrior,21,C3,D1,0,10,,,46.80523479599691
742,-1.085150526557798,31.814957529556047,RB-NoPrior,22,C3,D1,1,11,,,49.153789551140534
742,-1.085150526557798,31.814957529556047,RB-NoPrior,23,C3,D2,0,11,,,46.68064290705799
742,-1.085150526557798,31.814957529556047,RB-NoPrior,24,C3,D1,0,11,,,44.8021462105969
742,-1.085150526557798,31.814957529556047,RB-NoPrior,25,C3,D1,1,12,,,46.93745970341714
742,-1.085150526557798,31.814957529556047,RB-NoPrior,26,C3,D2,0,12,,,44.85520640788663
742,-1.085150526557798,31.814957529556047,RB-NoPrior,27,C3,D1,0,12,,,43.256090314913834
742,-1.085150526557798,31.814957529556047,RB-NoPrior,28,C3,D1,0,12,,,41.767068273092356
742,-1.085150526557798,31.814957529556047,RB-NoPrior,29,C3,D1,0,12,,,40.37714919578479
742,-1.085150526557798,31.814957529556047,RB-NoPrior,30,C3,D1,0,12,,,39.07675791733761
742,-1.085150526557798,31.814957529556047,RB-NoPrior,31,C3,D1,0,12,,,37.85751430057201
742,-1.085150526557798,31.814957529556047,RB-NoPrior,32,C3,D1,0,12,,,36.71205244578919
742,-1.085150526557798,31.814957529556047,RB-NoPrior,33,C3,D1,0,12,,,35.63387175721975
742,-1.085150526557798,31.814957529556047,RB-NoPrior,34,C3,D1,0,12,,,34.61721350451733
742,-1.085150526557798,31.814957529556047,RB-NoPrior,35,C3,D1,0,12,,,33.65695792880256
742,-1.085150526557798,31.814957529556047,RB-NoPrior,36,C3,D1,1,13,,,35.44759334233016
742,-1.085150526557798,31.814957529556047,RB-NoPrior,37,C3,D2,0,13,,,34.33551198257078
24,-0.30920907704986345,47.58405798485853,CAT-EAP,1,C4,D2,0,0,-0.48969714148168564,0.8520389267282031,
24,-0.30920907704986345,47.58405798485853,CAT-EAP,2,C3,D2,1,1,-0.08007822687962063,0.7332005057393702,
24,-0.30920907704986345,47.58405798485853,CAT-EAP,3,C3,D3,0,1,-0.4007910050276684,0.6578967079934304,
24,-0.30920907704986345,47.58405798485853,CAT-EAP,4,C3,D3,0,1,-0.653040442369218,0.6096558843031673,
24,-0.30920907704986345,47.58405798485853,CAT-EAP,5,C2,D3,1,2,-0.41363083371847437,0.5485592125138437,
24,-0.30920907704986345,47.58405798485853,CAT-EAP,6,C4,D1,0,2,-0.600238281886249,0.5168618572214541,
24,-0.30920907704986345,47.58405798485853,CAT-EAP,7,C3,D1,0,2,-0.7786563628573052,0.49519008893433036,
24,-0.30920907704986345,47.58405798485853,CAT-EAP,8,C3,D1,1,3,-0.6299350759693397,0.4584423482049122,
24,-0.30920907704986345,47.58405798485853,CAT-EAP,9,C2,D3,0,3,-0.7888502177166772,0.4414812539974475,
24,-0.30920907704986345,47.58405798485853,CAT-EAP,10,C3,D1,1,4,-0.6668696062923027,0.415849666930126,
24,-0.30920907704986345,47.58405798485853,CAT-EAP,11,C2,D3,1,5,-0.5660283407886052,0.39691028116914273,
24,-0.30920907704986345,47.58405798485853,CAT-EAP,12,C3,D1,0,5,-0.6774425750043945,0.3828104433848422,
24,-0.30920907704986345,47.58405798485853,CAT-EAP,13,C2,D3,1,6,-0.5867588700332043,0.36801161434518753,
24,-0.30920907704986345,47.58405798485853,CAT-EAP,14,C2,D3,1,7,-0.5054850916873752,0.3563342000568496,
24,-0.30920907704986345,47.58405798485853,CAT-EAP,15,C4,D1,0,7,-0.582249377427645,0.3447651703024047,
24,-0.30920907704986345,47.58405798485853,CAT-EAP,16,C3,D2,1,8,-0.5012667428790257,0.33507246336698554,
24,-0.30920907704986345,47.58405798485853,CAT-EAP,17,C3,D2,1,9,-0.4143755420734849,0.3268425138121517,
24,-0.30920907704986345,47.58405798485853,CAT-EAP,18,C3,D3,1,10,-0.33089532872563304,0.31988355460882706,
24,-0.30920907704986345,47.58405798485853,CAT-EAP,19,C4,D1,0,10,-0.3947547229823349,0.3102044001881163,
24,-0.30920907704986345,47.58405798485853,CAT-EAP,20,C3,D3,1,11,-0.3243935860514806,0.30410213951944176,
24,-0.30920907704986345,47.58405798485853,CAT-MLE,1,C4,D2,1,1,1.1436323669674031,1.727794927814057,
24,-0.30920907704986345,47.58405798485853,CAT-MLE,2,C6,D2,0,1,0.7082746071105145,1.0320423210528944,
24,-0.30920907704986345,47.58405798485853,CAT-MLE,3,C5,D2,1,2,1.1839731245686305,0.8650795409710111,
24,-0.30920907704986345,47.58405798485853,CAT-MLE,4,C6,D2,0,2,0.8204155266603536,0.7110609639890455,
24,-0.30920907704986345,47.58405798485853,CAT-MLE,5,C5,D2,0,2,0.527750357245102,0.6405191265517678,
24,-0.30920907704986345,47.58405798485853,CAT-MLE,6,C5,D2,0,2,0.30510537209992133,0.601622351530342,
24,-0.30920907704986345,47.58405798485853,CAT-MLE,7,C4,D3,1,3,0.530250746585038,0.5329259435723306,
24,-0.30920907704986345,47.58405798485853,CAT-MLE,8,C5,D2,1,4,0.7331009228850158,0.49196007663582014,
24,-0.30920907704986345,47.58405798485853,CAT-MLE,9,C5,D3,0,4,0.5971990671804219,0.4654153400638775,
24,-0.30920907704986345,47.58405798485853,CAT-MLE,10,C4,D3,0,4,0.4418252858485793,0.44741935908461944,
24,-0.30920907704986345,47.58405798485853,CAT-MLE,11,C5,D1,0,4,0.2856884083391414,0.43496705288383486,
24,-0.30920907704986345,47.58405798485853,CAT-MLE,12,C4,D2,1,5,0.39390573702367887,0.4084849145289746,
24,-0.30920907704986345,47.58405798485853,CAT-MLE,13,C4,D3,0,5,0.28110331123831267,0.3969043367839142,
24,-0.30920907704986345,47.58405798485853,CAT-MLE,14,C4,D2,0,5,0.166533041609628,0.3882453009781743,
24,-0.30920907704986345,47.58405798485853,CAT-MLE,15,C3,D3,1,6,0.2500276044311158,0.36931725792409625,
24,-0.30920907704986345,47.58405798485853,CAT-MLE,16,C5,D1,1,7,0.35306575626536696,0.3534053517378377,
24,-0.30920907704986345,47.58405798485853,CAT-MLE,17,C5,D2,0,7,0.2803911428794886,0.3448388486035594,
24,-0.30920907704986345,47.58405798485853,CAT-MLE,18,C4,D2,0,7,0.19224964707659825,0.3382879201798374,
24,-0.30920907704986345,47.58405798485853,CAT-MLE,19,C3,D3,1,8,0.2549801102417332,0.3263691964597588,
24,-0.30920907704986345,47.58405798485853,CAT-MLE,20,C4,D2,1,9,0.32442135763060714,0.31622626664776876,
24,-0.30920907704986345,47.58405798485853,RB-Prior,1,C1,D1,1,1,,,58.333333333333336
24,-0.30920907704986345,47.58405798485853,RB-Prior,2,C1,D2,1,2,,,65.27777777777777
24,-0.30920907704986345,47.58405798485853,RB-Prior,3,C1,D3,1,3,,,70.93023255813954
24,-0.30920907704986345,47.58405798485853,RB-Prior,4,C2,D1,1,4,,,74.22680412371135
24,-0.30920907704986345,47.58405798485853,RB-Prior,5,C2,D2,0,4,,,65.33575317604355
24,-0.30920907704986345,47.58405798485853,RB-Prior,6,C2,D1,1,5,,,68.48184818481849
24,-0.30920907704986345,47.58405798485853,RB-Prior,7,C2,D2,1,6,,,71.57738095238095
24,-0.30920907704986345,47.58405798485853,RB-Prior,8,C2,D3,0,6,,,64.21895861148198
24,-0.30920907704986345,47.58405798485853,RB-Prior,9,C2,D2,1,7,,,67.11656441717791
24,-0.30920907704986345,47.58405798485853,RB-Prior,10,C2,D3,0,7,,,61.32286995515695
24,-0.30920907704986345,47.58405798485853,RB-Prior,11,C2,D2,1,8,,,63.987473903966595
24,-0.30920907704986345,47.58405798485853,RB-Prior,12,C2,D3,0,8,,,59.22705314009662
24,-0.30920907704986345,47.58405798485853,RB-Prior,13,C2,D2,1,9,,,61.67120799273389
24,-0.30920907704986345,47.58405798485853,RB-Prior,14,C2,D3,1,10,,,64.17657045840407
24,-0.30920907704986345,47.58405798485853,RB-Prior,15,C3,D1,0,10,,,61.06623586429726
24,-0.30920907704986345,47.58405798485853,RB-Prior,16,C3,D1,0,10,,,58.24345146379045
24,-0.30920907704986345,47.58405798485853,RB-Prior,17,C3,D1,1,11,,,60.088365243004425
24,-0.30920907704986345,47.58405798485853,RB-Prior,18,C3,D2,1,12,,,62.0979020979021
24,-0.30920907704986345,47.58405798485853,RB-Prior,19,C3,D3,0,12,,,58.652575957727876
24,-0.30920907704986345,47.58405798485853,RB-Prior,20,C3,D2,0,12,,,55.98991172761665
24,-0.30920907704986345,47.58405798485853,RB-Prior,21,C3,D1,1,13,,,57.59416767922235
24,-0.30920907704986345,47.58405798485853,RB-Prior,22,C3,D2,1,14,,,59.37136204889407
24,-0.30920907704986345,47.58405798485853,RB-Prior,23,C3,D3,0,14,,,56.60377358490567
24,-0.30920907704986345,47.58405798485853,RB-Prior,24,C3,D2,1,15,,,58.271077908217734
24,-0.30920907704986345,47.58405798485853,RB-Prior,25,C3,D3,0,15,,,55.77119509703781
24,-0.30920907704986345,47.58405798485853,RB-Prior,26,C3,D2,0,15,,,53.79310344827588
24,-0.30920907704986345,47.58405798485853,RB-Prior,27,C3,D1,1,16,,,55.1196172248804
24,-0.30920907704986345,47.58405798485853,RB-Prior,28,C3,D2,1,17,,,56.61424606845515
24,-0.30920907704986345,47.58405798485853,RB-Prior,29,C3,D3,0,17,,,54.49688334817455
24,-0.30920907704986345,47.58405798485853,RB-Prior,30,C3,D2,0,17,,,52.80414150129424
24,-0.30920907704986345,47.58405798485853,RB-Prior,31,C3,D1,1,18,,,53.99495374264089
24,-0.30920907704986345,47.58405798485853,RB-Prior,32,C3,D2,1,19,,,55.346938775510225
24,-0.30920907704986345,47.58405798485853,RB-Prior,33,C3,D3,1,20,,,56.8271507498027
24,-0.30920907704986345,47.58405798485853,RB-Prior,34,C4,D1,1,21,,,57.906887264332454
24,-0.30920907704986345,47.58405798485853,RB-Prior,35,C4,D2,1,22,,,59.133358236832294
24,-0.30920907704986345,47.58405798485853,RB-Prior,36,C4,D3,0,22,,,57.18930635838152
24,-0.30920907704986345,47.58405798485853,RB-Prior,37,C4,D2,0,22,,,55.62192550948701
24,-0.30920907704986345,47.58405798485853,RB-Prior,38,C4,D1,0,22,,,54.37993816557886
24,-0.30920907704986345,47.58405798485853,RB-Prior,39,C4,D1,0,22,,,53.192204301075286
24,-0.30920907704986345,47.58405798485853,RB-Prior,40,C4,D1,0,22,,,52.05524498520226
24,-0.30920907704986345,47.58405798485853,RB-NoPrior,1,C1,D1,0,0,,,0.0
24,-0.30920907704986345,47.58405798485853,RB-NoPrior,2,C1,D1,1,1,,,50.0
24,-0.30920907704986345,47.58405798485853,RB-NoPrior,3,C1,D2,1,2,,,68.75
24,-0.30920907704986345,47.58405798485853,RB-NoPrior,4,C1,D3,1,3,,,78.26086956521739
24,-0.30920907704986345,47.58405798485853,RB-NoPrior,5,C2,D1,1,4,,,82.4561403508772
24,-0.30920907704986345,47.58405798485853,RB-NoPrior,6,C2,D2,1,5,,,85.75498575498575
24,-0.30920907704986345,47.58405798485853,RB-NoPrior,7,C2,D3,1,6,,,88.31775700934581
24,-0.30920907704986345,47.58405798485853,RB-NoPrior,8,C3,D1,1,7,,,89.75409836065576
24,-0.30920907704986345,47.58405798485853,RB-NoPrior,9,C3,D2,0,7,,,78.21428571428574
24,-0.30920907704986345,47.58405798485853,RB-NoPrior,10,C3,D1,0,7,,,70.6451612903226
24,-0.30920907704986345,47.58405798485853,RB-NoPrior,11,C3,D1,0,7,,,64.41176470588238
24,-0.30920907704986345,47.58405798485853,RB-NoPrior,12,C3,D1,0,7,,,59.18918918918921
24,-0.30920907704986345,47.58405798485853,RB-NoPrior,13,C3,D1,0,7,,,54.75000000000002
24,-0.30920907704986345,47.58405798485853,RB-NoPrior,14,C3,D1,1,8,,,57.90697674418605
24,-0.30920907704986345,47.58405798485853,RB-NoPrior,15,C3,D2,1,9,,,61.1587982832618
24,-0.30920907704986345,47.58405798485853,RB-NoPrior,16,C3,D3,1,10,,,64.37007874015748
24,-0.30920907704986345,47.58405798485853,RB-NoPrior,17,C4,D1,0,10,,,60.49953746530989
24,-0.30920907704986345,47.58405798485853,RB-NoPrior,18,C4,D1,0,10,,,57.06806282722513
24,-0.30920907704986345,47.58405798485853,RB-NoPrior,19,C4,D1,0,10,,,54.00495458298926
24,-0.30920907704986345,47.58405798485853,RB-NoPrior,20,C4,D1,0,10,,,51.253918495297796
24,-0.30920907704986345,47.58405798485853,RB-NoPrior,21,C4,D1,1,11,,,53.61670395227442
24,-0.30920907704986345,47.58405798485853,RB-NoPrior,22,C4,D2,0,11,,,50.669485553206485
24,-0.30920907704986345,47.58405798485853,RB-NoPrior,23,C4,D1,0,11,,,48.45013477088949
24,-0.30920907704986345,47.58405798485853,RB-NoPrior,24,C4,D1,0,11,,,46.41704325371207
24,-0.30920907704986345,47.58405798485853,RB-NoPrior,25,C4,D1,1,12,,,48.57496902106568
24,-0.30920907704986345,47.58405798485853,RB-NoPrior,26,C4,D2,0,12,,,46.335697399527184
24,-0.30920907704986345,47.58405798485853,RB-NoPrior,27,C4,D1,0,12,,,44.6215139442231
24,-0.30920907704986345,47.58405798485853,RB-NoPrior,28,C4,D1,0,12,,,43.02963776070253
24,-0.30920907704986345,47.58405798485853,RB-NoPrior,29,C4,D1,0,12,,,41.5474297827239
24,-0.30920907704986345,47.58405798485853,RB-NoPrior,30,C4,D1,0,12,,,40.16393442622952
24,-0.30920907704986345,47.58405798485853,RB-NoPrior,31,C4,D1,1,13,,,42.09221616261776
24,-0.30920907704986345,47.58405798485853,RB-NoPrior,32,C4,D2,1,14,,,44.248210023866356
24,-0.30920907704986345,47.58405798485853,RB-NoPrior,33,C4,D3,1,15,,,46.56907593778592
24,-0.30920907704986345,47.58405798485853,RB-NoPrior,34,C5,D1,0,15,,,45.12411347517732
24,-0.30920907704986345,47.58405798485853,RB-NoPrior,35,C5,D1,0,15,,,43.766122098022365
24,-0.30920907704986345,47.58405798485853,RB-NoPrior,36,C5,D1,0,15,,,42.48747913188649
24,-0.30920907704986345,47.58405798485853,RB-NoPrior,37,C5,D1,0,15,,,41.28142741281429
24,-0.30920907704986345,47.58405798485853,RB-NoPrior,38,C5,D1,0,15,,,40.14195583596216
24,-0.30920907704986345,47.58405798485853,RB-NoPrior,39,C5,D1,1,16,,,41.749808135072925
24,-0.30920907704986345,47.58405798485853,RB-NoPrior,40,C5,D2,0,16,,,40.4460966542751
944,0.14488783309689118,57.121905886996025,CAT-EAP,1,C4,D2,1,1,0.5702122533934137,0.8440308427207702,
944,0.14488783309689118,57.121905886996025,CAT-EAP,2,C5,D2,1,2,0.9796553926649522,0.7506247491653074,
944,0.14488783309689118,57.121905886996025,CAT-EAP,3,C5,D2,1,3,1.2878122683469562,0.6900694804871386,
944,0.14488783309689118,57.121905886996025,CAT-EAP,4,C6,D2,0,3,0.9969262203142255,0.6048961871431744,
944,0.14488783309689118,57.121905886996025,CAT-EAP,5,C5,D3,0,3,0.7696928489939563,0.5516302607034043,
944,0.14488783309689118,57.121905886996025,CAT-EAP,6,C5,D2,0,3,0.5664293275819228,0.5158212538432416,
944,0.14488783309689118,57.121905886996025,CAT-EAP,7,C5,D2,1,4,0.754976062143846,0.4807222247297532,
944,0.14488783309689118,57.121905886996025,CAT-EAP,8,C5,D3,0,4,0.6198498204576569,0.4561663412971341,
944,0.14488783309689118,57.121905886996025,CAT-EAP,9,C5,D2,1,5,0.7521854766758432,0.4319606083089977,
944,0.14488783309689118,57.121905886996025,CAT-EAP,10,C6,D1,0,5,0.6411231123689548,0.413833042703309,
944,0.14488783309689118,57.121905886996025,CAT-EAP,11,C4,D3,0,5,0.5139146155130243,0.4000506463914011,
944,0.14488783309689118,57.121905886996025,CAT-EAP,12,C4,D3,0,5,0.39325823612163235,0.3888824894941169,
944,0.14488783309689118,57.121905886996025,CAT-EAP,13,C5,D1,1,6,0.48599622705946094,0.37089953235140555,
944,0.14488783309689118,57.121905886996025,CAT-EAP,14,C4,D3,0,6,0.38663756917273884,0.3614877713931214,
944,0.14488783309689118,57.121905886996025,CAT-EAP,15,C4,D2,0,6,0.2767084814327734,0.354040151359539,
944,0.14488783309689118,57.121905886996025,CAT-EAP,16,C4,D2,0,6,0.1859346603909134,0.34747106785551896,
944,0.14488783309689118,57.121905886996025,CAT-EAP,17,C3,D3,1,7,0.2547569951915041,0.33394353306773666,
944,0.14488783309689118,57.121905886996025,CAT-EAP,18,C5,D1,0,7,0.1874375149509937,0.327670206539939,
944,0.14488783309689118,57.121905886996025,CAT-EAP,19,C3,D3,1,8,0.24820447020074599,0.31658951758271303,
944,0.14488783309689118,57.121905886996025,CAT-EAP,20,C4,D2,0,8,0.17561189583035286,0.3112849683874214,
944,0.14488783309689118,57.121905886996025,CAT-MLE,1,C4,D2,1,1,1.1436323669674031,1.727794927814057,
944,0.14488783309689118,57.121905886996025,CAT-MLE,2,C6,D2,0,1,0.7082746071105145,1.0320423210528944,
944,0.14488783309689118,57.121905886996025,CAT-MLE,3,C5,D2,0,1,0.14952780434232588,0.8580307992923797,
944,0.14488783309689118,57.121905886996025,CAT-MLE,4,C4,D2,1,2,0.5126270038433923,0.7086757278086222,
944,0.14488783309689118,57.121905886996025,CAT-MLE,5,C5,D2,0,2,0.2598469967614526,0.6383566871565206,
944,0.14488783309689118,57.121905886996025,CAT-MLE,6,C4,D3,0,2,0.02449499795474651,0.5995036707629259,
944,0.14488783309689118,57.121905886996025,CAT-MLE,7,C3,D3,1,3,0.22199103937633693,0.5352898646304382,
944,0.14488783309689118,57.121905886996025,CAT-MLE,8,C5,D1,0,3,0.03853204473822068,0.5081944435028409,
944,0.14488783309689118,57.121905886996025,CAT-MLE,9,C3,D3,1,4,0.1888680455676637,0.469442907337579,
944,0.14488783309689118,57.121905886996025,CAT-MLE,10,C4,D2,1,5,0.3322208277885629,0.4429880005764408,
944,0.14488783309689118,57.121905886996025,CAT-MLE,11,C4,D3,0,5,0.20868656250085132,0.42270039511462365,
944,0.14488783309689118,57.121905886996025,CAT-MLE,12,C4,D2,1,6,0.3223484048219352,0.4037001841887201,
944,0.14488783309689118,57.121905886996025,CAT-MLE,13,C4,D3,0,6,0.2256947248513114,0.388178906847242,
944,0.14488783309689118,57.121905886996025,CAT-MLE,14,C5,D1,1,7,0.34138103342929915,0.37311547603211054,
944,0.14488783309689118,57.121905886996025,CAT-MLE,15,C5,D2,0,7,0.26212827833042673,0.36096438756327515,
944,0.14488783309689118,57.121905886996025,CAT-MLE,16,C4,D2,0,7,0.1709587828743014,0.3513010208279788,
944,0.14488783309689118,57.121905886996025,CAT-MLE,17,C3,D3,0,7,0.06865974734513024,0.3437554112041518,
944,0.14488783309689118,57.121905886996025,CAT-MLE,18,C4,D1,0,7,-0.02897545791980602,0.33747340111999846,
944,0.14488783309689118,57.121905886996025,CAT-MLE,19,C3,D3,1,8,0.03403426002817213,0.32538013659302495,
944,0.14488783309689118,57.121905886996025,CAT-MLE,20,C3,D3,0,8,-0.055025561430856566,0.3197562233959885,
944,0.14488783309689118,57.121905886996025,RB-Prior,1,C1,D1,1,1,,,58.333333333333336
944,0.14488783309689118,57.121905886996025,RB-Prior,2,C1,D2,1,2,,,65.27777777777777
944,0.14488783309689118,57.121905886996025,RB-Prior,3,C1,D3,1,3,,,70.93023255813954
944,0.14488783309689118,57.121905886996025,RB-Prior,4,C2,D1,1,4,,,74.22680412371135
944,0.14488783309689118,57.121905886996025,RB-Prior,5,C2,D2,1,5,,,77.31397459165154
944,0.14488783309689118,57.121905886996025,RB-Prior,6,C2,D3,1,6,,,80.09554140127388
944,0.14488783309689118,57.121905886996025,RB-Prior,7,C3,D1,1,7,,,81.8313953488372
944,0.14488783309689118,57.121905886996025,RB-Prior,8,C3,D2,1,8,,,83.55263157894737
944,0.14488783309689118,57.121905886996025,RB-Prior,9,C3,D3,1,9,,,85.18957345971565
944,0.14488783309689118,57.121905886996025,RB-Prior,10,C4,D1,1,10,,,86.24862486248625
944,0.14488783309689118,57.121905886996025,RB-Prior,11,C4,D2,1,11,,,87.3353596757852
944,0.14488783309689118,57.121905886996025,RB-Prior,12,C4,D3,1,12,,,88.40445269016698
944,0.14488783309689118,57.121905886996025,RB-Prior,13,C5,D1,0,12,,,83.01393728222996
944,0.14488783309689118,57.121905886996025,RB-Prior,14,C5,D1,1,13,,,83.99014778325123
944,0.14488783309689118,57.121905886996025,RB-Prior,15,C5,D2,0,13,,,78.57142857142857
944,0.14488783309689118,57.121905886996025,RB-Prior,16,C5,D1,1,14,,,79.66472303206997
944,0.14488783309689118,57.121905886996025,RB-Prior,17,C5,D2,0,14,,,75.06868131868131
944,0.14488783309689118,57.121905886996025,RB-Prior,18,C5,D1,0,14,,,71.62516382699869
944,0.14488783309689118,57.121905886996025,RB-Prior,19,C5,D1,0,14,,,68.48370927318297
944,0.14488783309689118,57.121905886996025,RB-Prior,20,C5,D1,1,15,,,69.80792316926771
944,0.14488783309689118,57.121905886996025,RB-Prior,21,C5,D2,0,15,,,66.45714285714287
944,0.14488783309689118,57.121905886996025,RB-Prior,22,C5,D1,0,15,,,63.901098901098905
944,0.14488783309689118,57.121905886996025,RB-Prior,23,C5,D1,0,15,,,61.53439153439154
944,0.14488783309689118,57.121905886996025,RB-Prior,24,C5,D1,0,15,,,59.33673469387756
944,0.14488783309689118,57.121905886996025,RB-Prior,25,C5,D1,0,15,,,57.290640394088676
944,0.14488783309689118,57.121905886996025,RB-Prior,26,C5,D1,1,16,,,58.714285714285715
944,0.14488783309689118,57.121905886996025,RB-Prior,27,C5,D2,0,16,,,56.456043956043956
944,0.14488783309689118,57.121905886996025,RB-Prior,28,C5,D1,1,17,,,57.808340727595386
944,0.14488783309689118,57.121905886996025,RB-Prior,29,C5,D2,0,17,,,55.73139435414885
944,0.14488783309689118,57.121905886996025,RB-Prior,30,C5,D1,0,17,,,54.111295681063126
944,0.14488783309689118,57.121905886996025,RB-Prior,31,C5,D1,0,17,,,52.58272800645682
944,0.14488783309689118,57.121905886996025,RB-Prior,32,C5,D1,1,18,,,53.88540031397174
944,0.14488783309689118,57.121905886996025,RB-Prior,33,C5,D2,1,19,,,55.35714285714286
944,0.14488783309689118,57.121905886996025,RB-Prior,34,C5,D3,1,20,,,56.95970695970696
944,0.14488783309689118,57.121905886996025,RB-Prior,35,C6,D1,0,20,,,55.436720142602496
944,0.14488783309689118,57.121905886996025,RB-Prior,36,C6,D1,1,21,,,56.59722222222223
944,0.14488783309689118,57.121905886996025,RB-Prior,37,C6,D2,0,21,,,54.882154882154886
944,0.14488783309689118,57.121905886996025,RB-Prior,38,C6,D1,0,21,,,53.53037766830871
944,0.14488783309689118,57.121905886996025,RB-Prior,39,C6,D1,0,21,,,52.243589743589745
944,0.14488783309689118,57.121905886996025,RB-Prior,40,C6,D1,0,21,,,51.01721439749609
944,0.14488783309689118,57.121905886996025,RB-NoPrior,1,C1,D1,1,1,,,100.0
944,0.14488783309689118,57.121905886996025,RB-NoPrior,2,C1,D2,1,2,,,100.0
944,0.14488783309689118,57.121905886996025,RB-NoPrior,3,C1,D3,1,3,,,100.0
944,0.14488783309689118,57.121905886996025,RB-NoPrior,4,C2,D1,1,4,,,100.0
944,0.14488783309689118,57.121905886996025,RB-NoPrior,5,C2,D2,1,5,,,99.99999999999999
944,0.14488783309689118,57.121905886996025,RB-NoPrior,6,C2,D3,1,6,,,100.0
944,0.14488783309689118,57.121905886996025,RB-NoPrior,7,C3,D1,1,7,,,100.0
944,0.14488783309689118,57.121905886996025,RB-NoPrior,8,C3,D2,1,8,,,100.0
944,0.14488783309689118,57.121905886996025,RB-NoPrior,9,C3,D3,1,9,,,100.00000000000001
944,0.14488783309689118,57.121905886996025,RB-NoPrior,10,C4,D1,0,9,,,90.13657056145675
944,0.14488783309689118,57.121905886996025,RB-NoPrior,11,C4,D1,1,10,,,91.02209944751381
944,0.14488783309689118,57.121905886996025,RB-NoPrior,12,C4,D2,1,11,,,91.89526184538654
944,0.14488783309689118,57.121905886996025,RB-NoPrior,13,C4,D3,0,11,,,82.53079507278835
944,0.14488783309689118,57.121905886996025,RB-NoPrior,14,C4,D2,1,12,,,83.9340885684861
944,0.14488783309689118,57.121905886996025,RB-NoPrior,15,C4,D3,1,13,,,85.31073446327684
944,0.14488783309689118,57.121905886996025,RB-NoPrior,16,C5,D1,0,13,,,80.03533568904595
944,0.14488783309689118,57.121905886996025,RB-NoPrior,17,C5,D1,1,14,,,81.19800332778703
944,0.14488783309689118,57.121905886996025,RB-NoPrior,18,C5,D2,0,14,,,75.89424572317265
944,0.14488783309689118,57.121905886996025,RB-NoPrior,19,C5,D1,0,14,,,71.97640117994102
944,0.14488783309689118,57.121905886996025,RB-NoPrior,20,C5,D1,1,15,,,73.35203366058909
589,0.6170059495766975,66.64268281652656,CAT-EAP,1,C4,D2,1,1,0.5702122533934137,0.8440308427207702,
589,0.6170059495766975,66.64268281652656,CAT-EAP,2,C5,D2,0,1,0.1719275569597064,0.7318289882851001,
589,0.6170059495766975,66.64268281652656,CAT-EAP,3,C4,D2,0,1,-0.16201309764276245,0.6645937113093563,
589,0.6170059495766975,66.64268281652656,CAT-EAP,4,C3,D3,1,2,0.08451086199076385,0.5947733869918093,
589,0.6170059495766975,66.64268281652656,CAT-EAP,5,C3,D3,0,2,-0.1618702234452855,0.5527917363758372,
589,0.6170059495766975,66.64268281652656,CAT-EAP,6,C3,D3,1,3,0.04226639978710764,0.5099425638404855,
589,0.6170059495766975,66.64268281652656,CAT-EAP,7,C5,D1,1,4,0.23380843240958152,0.4809020897814612,
589,0.6170059495766975,66.64268281652656,CAT-EAP,8,C4,D3,1,5,0.4001454405468348,0.459689854728089,
589,0.6170059495766975,66.64268281652656,CAT-EAP,9,C4,D3,0,5,0.2686144599699836,0.4326303050234614,
589,0.6170059495766975,66.64268281652656,CAT-EAP,10,C4,D2,0,5,0.13793609165218346,0.4122699650073686,
589,0.6170059495766975,66.64268281652656,CAT-EAP,11,C3,D3,1,6,0.2340747166644509,0.39621745274216497,
589,0.6170059495766975,66.64268281652656,CAT-EAP,12,C4,D3,1,7,0.3516093572946523,0.38354744972888444,
589,0.6170059495766975,66.64268281652656,CAT-EAP,13,C5,D1,0,7,0.25751573689635104,0.36797905861198427,
589,0.6170059495766975,66.64268281652656,CAT-EAP,14,C4,D2,1,8,0.34304966208175025,0.3574772040625734,
589,0.6170059495766975,66.64268281652656,CAT-EAP,15,C5,D2,1,9,0.44390874024202687,0.34907496234517943,
589,0.6170059495766975,66.64268281652656,CAT-EAP,16,C5,D2,0,9,0.3744545756455501,0.33663045401237895,
589,0.6170059495766975,66.64268281652656,CAT-EAP,17,C5,D2,0,9,0.3132175108931098,0.326600338099615,
589,0.6170059495766975,66.64268281652656,CAT-EAP,18,C4,D2,0,9,0.23560216837889203,0.31803107378219314,
589,0.6170059495766975,66.64268281652656,CAT-EAP,19,C4,D2,1,10,0.30270465891824,0.31046491998420656,
589,0.6170059495766975,66.64268281652656,CAT-EAP,20,C5,D1,1,11,0.37320872820994433,0.30395561489359435,
589,0.6170059495766975,66.64268281652656,CAT-MLE,1,C4,D2,0,0,-0.856367633032597,1.7277949278140572,
589,0.6170059495766975,66.64268281652656,CAT-MLE,2,C3,D1,1,1,-0.38345407091610095,1.0188328167050362,
589,0.6170059495766975,66.64268281652656,CAT-MLE,3,C3,D3,1,2,0.15036674349118717,0.8535512132604771,
589,0.6170059495766975,66.64268281652656,CAT-MLE,4,C4,D2,0,2,-0.23712470995405172,0.7009026306770832,
589,0.6170059495766975,66.64268281652656,CAT-MLE,5,C4,D1,1,3,0.02914487073434467,0.632479824970687,
589,0.6170059495766975,66.64268281652656,CAT-MLE,6,C3,D3,1,4,0.2576647943568511,0.5954412229307741,
589,0.6170059495766975,66.64268281652656,CAT-MLE,7,C4,D3,0,4,0.06076946001940839,0.5315281249496264,
589,0.6170059495766975,66.64268281652656,CAT-MLE,8,C3,D3,0,4,-0.1372182619973374,0.4913259621411271,
589,0.6170059495766975,66.64268281652656,CAT-MLE,9,C4,D1,1,5,0.016174260317121145,0.46426189589210815,
589,0.6170059495766975,66.64268281652656,CAT-MLE,10,C3,D3,1,6,0.1468813873380224,0.44552707209363424,
589,0.6170059495766975,66.64268281652656,CAT-MLE,11,C5,D1,1,7,0.29087237308709674,0.4323672883189691,
589,0.6170059495766975,66.64268281652656,CAT-MLE,12,C5,D2,0,7,0.19308771578574813,0.4073148886705447,
589,0.6170059495766975,66.64268281652656,CAT-MLE,13,C4,D2,1,8,0.3054239252649863,0.3958792818675098,
589,0.6170059495766975,66.64268281652656,CAT-MLE,14,C4,D3,0,8,0.2081426881296384,0.3764242451067009,
589,0.6170059495766975,66.64268281652656,CAT-MLE,15,C4,D2,0,8,0.11089213366958187,0.36120831900629613,
589,0.6170059495766975,66.64268281652656,CAT-MLE,16,C4,D2,0,8,0.02958052935104935,0.3493765719523166,
589,0.6170059495766975,66.64268281652656,CAT-MLE,17,C3,D3,0,8,-0.07125298574364801,0.339464524583714,
589,0.6170059495766975,66.64268281652656,CAT-MLE,18,C3,D3,1,9,0.0008446990135830124,0.3291392589016957,
589,0.6170059495766975,66.64268281652656,CAT-MLE,19,C4,D1,0,9,-0.08373405314515138,0.320699326528899,
589,0.6170059495766975,66.64268281652656,CAT-MLE,20,C4,D1,1,10,-0.024933203775923,0.3121776830476346,
589,0.6170059495766975,66.64268281652656,RB-Prior,1,C1,D1,1,1,,,58.333333333333336
589,0.6170059495766975,66.64268281652656,RB-Prior,2,C1,D2,1,2,,,65.27777777777777
589,0.6170059495766975,66.64268281652656,RB-Prior,3,C1,D3,1,3,,,70.93023255813954
589,0.6170059495766975,66.64268281652656,RB-Prior,4,C2,D1,1,4,,,74.22680412371135
589,0.6170059495766975,66.64268281652656,RB-Prior,5,C2,D2,1,5,,,77.31397459165154
589,0.6170059495766975,66.64268281652656,RB-Prior,6,C2,D3,0,5,,,67.83439490445859
589,0.6170059495766975,66.64268281652656,RB-Prior,7,C2,D2,1,6,,,70.89337175792508
589,0.6170059495766975,66.64268281652656,RB-Prior,8,C2,D3,1,7,,,73.80025940337224
589,0.6170059495766975,66.64268281652656,RB-Prior,9,C3,D1,1,8,,,75.6919374247894
589,0.6170059495766975,66.64268281652656,RB-Prior,10,C3,D2,1,9,,,77.63012181616831
589,0.6170059495766975,66.64268281652656,RB-Prior,11,C3,D3,0,9,,,71.02330293819655
589,0.6170059495766975,66.64268281652656,RB-Prior,12,C3,D2,0,9,,,66.19452313503305
589,0.6170059495766975,66.64268281652656,RB-Prior,13,C3,D1,1,10,,,68.00714924039322
589,0.6170059495766975,66.64268281652656,RB-Prior,14,C3,D2,1,11,,,69.94122586062132
589,0.6170059495766975,66.64268281652656,RB-Prior,15,C3,D3,1,12,,,71.92156862745097
589,0.6170059495766975,66.64268281652656,RB-Prior,16,C4,D1,1,13,,,73.28358208955223
589,0.6170059495766975,66.64268281652656,RB-Prior,17,C4,D2,1,14,,,74.75317348377996
589,0.6170059495766975,66.64268281652656,RB-Prior,18,C4,D3,1,15,,,76.27567925778659
589,0.6170059495766975,66.64268281652656,RB-Prior,19,C5,D1,1,16,,,77.32742241925268
589,0.6170059495766975,66.64268281652656,RB-Prior,20,C5,D2,1,17,,,78.47263980757666
589,0.6170059495766975,66.64268281652656,RB-Prior,21,C5,D3,0,17,,,74.10562180579215
589,0.6170059495766975,66.64268281652656,RB-Prior,22,C5,D2,0,17,,,70.73170731707316
589,0.6170059495766975,66.64268281652656,RB-Prior,23,C5,D1,1,18,,,71.80156657963444
589,0.6170059495766975,66.64268281652656,RB-Prior,24,C5,D2,0,18,,,68.78439219609803
589,0.6170059495766975,66.64268281652656,RB-Prior,25,C5,D1,1,19,,,69.84050265828901
589,0.6170059495766975,66.64268281652656,RB-Prior,26,C5,D2,0,19,,,67.11565257779841
589,0.6170059495766975,66.64268281652656,RB-Prior,27,C5,D1,0,19,,,65.00224921277552
589,0.6170059495766975,66.64268281652656,RB-Prior,28,C5,D1,0,19,,,63.017880505887476
589,0.6170059495766975,66.64268281652656,RB-Prior,29,C5,D1,1,20,,,64.11341515023275
589,0.6170059495766975,66.64268281652656,RB-Prior,30,C5,D2,0,20,,,61.91254597466285
589,0.6170059495766975,66.64268281652656,RB-Prior,31,C5,D1,1,21,,,62.97179181565355
589,0.6170059495766975,66.64268281652656,RB-Prior,32,C5,D2,0,21,,,60.938100730488266
589,0.6170059495766975,66.64268281652656,RB-Prior,33,C5,D1,0,21,,,59.34107076001497
589,0.6170059495766975,66.64268281652656,RB-Prior,34,C5,D1,0,21,,,57.825611090842756
589,0.6170059495766975,66.64268281652656,RB-Prior,35,C5,D1,1,22,,,58.87584489505513
589,0.6170059495766975,66.64268281652656,RB-Prior,36,C5,D2,1,23,,,60.06908462867011
589,0.6170059495766975,66.64268281652656,RB-Prior,37,C5,D3,0,23,,,58.10223855663213
589,0.6170059495766975,66.64268281652656,RB-Prior,38,C5,D2,0,23,,,56.51608709782255
589,0.6170059495766975,66.64268281652656,RB-Prior,39,C5,D1,1,24,,,57.48331744518588
589,0.6170059495766975,66.64268281652656,RB-Prior,40,C5,D2,0,24,,,55.98885793871866
589,0.6170059495766975,66.64268281652656,RB-NoPrior,1,C1,D1,1,1,,,100.0
589,0.6170059495766975,66.64268281652656,RB-NoPrior,2,C1,D2,1,2,,,100.0
589,0.6170059495766975,66.64268281652656,RB-NoPrior,3,C1,D3,1,3,,,100.0
589,0.6170059495766975,66.64268281652656,RB-NoPrior,4,C2,D1,0,3,,,76.59574468085106
589,0.6170059495766975,66.64268281652656,RB-NoPrior,5,C2,D1,1,4,,,81.03448275862068
589,0.6170059495766975,66.64268281652656,RB-NoPrior,6,C2,D2,1,5,,,84.55056179775279
589,0.6170059495766975,66.64268281652656,RB-NoPrior,7,C2,D3,0,5,,,69.51501154734412
589,0.6170059495766975,66.64268281652656,RB-NoPrior,8,C2,D2,1,6,,,73.54709418837676
589,0.6170059495766975,66.64268281652656,RB-NoPrior,9,C2,D3,1,7,,,77.08333333333334
589,0.6170059495766975,66.64268281652656,RB-NoPrior,10,C3,D1,1,8,,,79.24528301886794
589,0.6170059495766975,66.64268281652656,RB-NoPrior,11,C3,D2,1,9,,,81.35593220338984
589,0.6170059495766975,66.64268281652656,RB-NoPrior,12,C3,D3,1,10,,,83.33333333333334
589,0.6170059495766975,66.64268281652656,RB-NoPrior,13,C4,D1,1,11,,,84.59743290548427
589,0.6170059495766975,66.64268281652656,RB-NoPrior,14,C4,D2,0,11,,,77.54010695187168
589,0.6170059495766975,66.64268281652656,RB-NoPrior,15,C4,D1,1,12,,,79.00000000000001
589,0.6170059495766975,66.64268281652656,RB-NoPrior,16,C4,D2,1,13,,,80.51948051948054
589,0.6170059495766975,66.64268281652656,RB-NoPrior,17,C4,D3,0,13,,,74.25149700598804
589,0.6170059495766975,66.64268281652656,RB-NoPrior,18,C4,D2,1,14,,,75.86206896551725
589,0.6170059495766975,66.64268281652656,RB-NoPrior,19,C4,D3,0,14,,,70.70254110612855
589,0.6170059495766975,66.64268281652656,RB-NoPrior,20,C4,D2,1,15,,,72.31638418079098
589,0.6170059495766975,66.64268281652656,RB-NoPrior,21,C4,D3,0,15,,,67.9495686794957
589,0.6170059495766975,66.64268281652656,RB-NoPrior,22,C4,D2,0,15,,,64.6056782334385
589,0.6170059495766975,66.64268281652656,RB-NoPrior,23,C4,D1,1,16,,,66.0
589,0.6170059495766975,66.64268281652656,RB-NoPrior,24,C4,D2,1,17,,,67.53472222222221
589,0.6170059495766975,66.64268281652656,RB-NoPrior,25,C4,D3,1,18,,,69.1588785046729
589,0.6170059495766975,66.64268281652656,RB-NoPrior,26,C5,D1,1,19,,,70.30174695606141
589,0.6170059495766975,66.64268281652656,RB-NoPrior,27,C5,D2,1,20,,,71.56614292954892
589,0.6170059495766975,66.64268281652656,RB-NoPrior,28,C5,D3,1,21,,,72.91163689039111
589,0.6170059495766975,66.64268281652656,RB-NoPrior,29,C6,D1,0,21,,,70.36346691519105
589,0.6170059495766975,66.64268281652656,RB-NoPrior,30,C6,D1,0,21,,,67.9873930661864
589,0.6170059495766975,66.64268281652656,RB-NoPrior,31,C6,D1,1,22,,,69.03310104529616
589,0.6170059495766975,66.64268281652656,RB-NoPrior,32,C6,D2,0,22,,,66.42917015926237
589,0.6170059495766975,66.64268281652656,RB-NoPrior,33,C6,D1,0,22,,,64.40471353108492
589,0.6170059495766975,66.64268281652656,RB-NoPrior,34,C6,D1,0,22,,,62.5
589,0.6170059495766975,66.64268281652656,RB-NoPrior,35,C6,D1,0,22,,,60.7047108387591
589,0.6170059495766975,66.64268281652656,RB-NoPrior,36,C6,D1,0,22,,,59.009679821295606
589,0.6170059495766975,66.64268281652656,RB-NoPrior,37,C6,D1,0,22,,,57.40673668960522
589,0.6170059495766975,66.64268281652656,RB-NoPrior,38,C6,D1,1,23,,,58.53314527503526
589,0.6170059495766975,66.64268281652656,RB-NoPrior,39,C6,D2,0,23,,,56.73274094326726
589,0.6170059495766975,66.64268281652656,RB-NoPrior,40,C6,D1,0,23,,,55.31489503498834
861,1.4104591452035038,80.34282320913701,CAT-EAP,1,C4,D2,1,1,0.5702122533934137,0.8440308427207702,
861,1.4104591452035038,80.34282320913701,CAT-EAP,2,C5,D2,0,1,0.1719275569597064,0.7318289882851001,
861,1.4104591452035038,80.34282320913701,CAT-EAP,3,C4,D2,1,2,0.4757442138038568,0.6536296718244211,
861,1.4104591452035038,80.34282320913701,CAT-EAP,4,C4,D3,0,2,0.19624476015741055,0.5918231090517734,
861,1.4104591452035038,80.34282320913701,CAT-EAP,5,C5,D1,1,3,0.42244260938319195,0.5461410479980845,
861,1.4104591452035038,80.34282320913701,CAT-EAP,6,C4,D3,1,4,0.6205129216734546,0.5159446227875202,
861,1.4104591452035038,80.34282320913701,CAT-EAP,7,C5,D2,1,5,0.8061258953789361,0.49375258328475125,
861,1.4104591452035038,80.34282320913701,CAT-EAP,8,C5,D2,1,6,0.9729122773272513,0.4767576707559361,
861,1.4104591452035038,80.34282320913701,CAT-EAP,9,C5,D3,1,7,1.129210757721904,0.46375604870240417,
861,1.4104591452035038,80.34282320913701,CAT-EAP,10,C6,D2,1,8,1.2878477202567908,0.45405334716805357,
861,1.4104591452035038,80.34282320913701,CAT-EAP,11,C6,D2,1,9,1.4224098244323617,0.4446932598136006,
861,1.4104591452035038,80.34282320913701,CAT-EAP,12,C6,D2,0,9,1.2801050873642523,0.4107116921132996,
861,1.4104591452035038,80.34282320913701,CAT-EAP,13,C5,D3,1,10,1.3896376769782743,0.40227475855763195,
861,1.4104591452035038,80.34282320913701,CAT-EAP,14,C6,D2,0,10,1.2751125485443562,0.3783024150921415,
861,1.4104591452035038,80.34282320913701,CAT-EAP,15,C6,D1,1,11,1.3595731985944974,0.3706535571245429,
861,1.4104591452035038,80.34282320913701,CAT-EAP,16,C6,D3,1,12,1.4744418065261722,0.3660640140749092,
861,1.4104591452035038,80.34282320913701,CAT-EAP,17,C6,D3,0,12,1.3908757896658366,0.34886269066231174,
861,1.4104591452035038,80.34282320913701,CAT-EAP,18,C6,D2,0,12,1.3093065728111393,0.3346446420443326,
861,1.4104591452035038,80.34282320913701,CAT-EAP,19,C5,D3,1,13,1.3676065044893042,0.3283257361595645,
861,1.4104591452035038,80.34282320913701,CAT-EAP,20,C6,D3,1,14,1.4508136244121814,0.323915542880511,
861,1.4104591452035038,80.34282320913701,CAT-EAP,21,C6,D3,0,14,1.3874842864112988,0.31273599100202826,
861,1.4104591452035038,80.34282320913701,CAT-MLE,1,C4,D2,1,1,1.1436323669674031,1.727794927814057,
861,1.4104591452035038,80.34282320913701,CAT-MLE,2,C6,D2,0,1,0.7082746071105145,1.0320423210528944,
861,1.4104591452035038,80.34282320913701,CAT-MLE,3,C5,D2,1,2,1.1839731245686305,0.8650795409710111,
861,1.4104591452035038,80.34282320913701,CAT-MLE,4,C6,D2,1,3,1.6331908511913238,0.8049928917151891,
861,1.4104591452035038,80.34282320913701,CAT-MLE,5,C6,D3,1,4,2.035489707359107,0.7819428729936291,
861,1.4104591452035038,80.34282320913701,CAT-MLE,6,C6,D3,0,4,1.66213974879471,0.623494877686549,
861,1.4104591452035038,80.34282320913701,CAT-MLE,7,C6,D3,1,5,1.8934491040624557,0.5966557466630076,
861,1.4104591452035038,80.34282320913701,CAT-MLE,8,C6,D3,0,5,1.6589996987617726,0.5269386833459456,
861,1.4104591452035038,80.34282320913701,CAT-MLE,9,C6,D3,0,5,1.483092965018408,0.48567918255504194,
861,1.4104591452035038,80.34282320913701,CAT-MLE,10,C6,D2,0,5,1.3087855467024125,0.45633350928645755,
861,1.4104591452035038,80.34282320913701,CAT-MLE,11,C5,D3,1,6,1.4377016548078558,0.4333290130155223,
861,1.4104591452035038,80.34282320913701,CAT-MLE,12,C6,D2,1,7,1.551067614890491,0.41669121277080795,
861,1.4104591452035038,80.34282320913701,CAT-MLE,13,C6,D3,0,7,1.4378778330711786,0.39642029172943083,
861,1.4104591452035038,80.34282320913701,CAT-MLE,14,C6,D2,0,7,1.3312078608955593,0.38087323931395384,
861,1.4104591452035038,80.34282320913701,CAT-MLE,15,C5,D3,0,7,1.2075813567155533,0.3683528045837362,
861,1.4104591452035038,80.34282320913701,CAT-MLE,16,C6,D1,1,8,1.291386159055676,0.35487219789362634,
861,1.4104591452035038,80.34282320913701,CAT-MLE,17,C5,D3,0,8,1.1806692215266728,0.34467319715734435,
861,1.4104591452035038,80.34282320913701,CAT-MLE,18,C5,D2,1,9,1.2438937248133792,0.333998677104293,
861,1.4104591452035038,80.34282320913701,CAT-MLE,19,C6,D2,1,10,1.307861104042869,0.32509499247917273,
861,1.4104591452035038,80.34282320913701,CAT-MLE,20,C6,D2,1,11,1.3771090164434958,0.31773190504755067,
861,1.4104591452035038,80.34282320913701,RB-Prior,1,C1,D1,1,1,,,58.333333333333336
861,1.4104591452035038,80.34282320913701,RB-Prior,2,C1,D2,1,2,,,65.27777777777777
861,1.4104591452035038,80.34282320913701,RB-Prior,3,C1,D3,1,3,,,70.93023255813954
861,1.4104591452035038,80.34282320913701,RB-Prior,4,C2,D1,1,4,,,74.22680412371135
861,1.4104591452035038,80.34282320913701,RB-Prior,5,C2,D2,1,5,,,77.31397459165154
861,1.4104591452035038,80.34282320913701,RB-Prior,6,C2,D3,1,6,,,80.09554140127388
861,1.4104591452035038,80.34282320913701,RB-Prior,7,C3,D1,1,7,,,81.8313953488372
861,1.4104591452035038,80.34282320913701,RB-Prior,8,C3,D2,1,8,,,83.55263157894737
861,1.4104591452035038,80.34282320913701,RB-Prior,9,C3,D3,1,9,,,85.18957345971565
861,1.4104591452035038,80.34282320913701,RB-Prior,10,C4,D1,1,10,,,86.24862486248625
861,1.4104591452035038,80.34282320913701,RB-Prior,11,C4,D2,1,11,,,87.3353596757852
861,1.4104591452035038,80.34282320913701,RB-Prior,12,C4,D3,0,11,,,79.96289424860854
861,1.4104591452035038,80.34282320913701,RB-Prior,13,C4,D2,1,12,,,81.31487889273357
861,1.4104591452035038,80.34282320913701,RB-Prior,14,C4,D3,1,13,,,82.6784282277466
861,1.4104591452035038,80.34282320913701,RB-Prior,15,C5,D1,1,14,,,83.5990888382688
861,1.4104591452035038,80.34282320913701,RB-Prior,16,C5,D2,0,14,,,78.58672376873663
861,1.4104591452035038,80.34282320913701,RB-Prior,17,C5,D1,0,14,,,74.84704282800817
861,1.4104591452035038,80.34282320913701,RB-Prior,18,C5,D1,1,15,,,75.98961713173266
861,1.4104591452035038,80.34282320913701,RB-Prior,19,C5,D2,0,15,,,72.06153846153848
861,1.4104591452035038,80.34282320913701,RB-Prior,20,C5,D1,1,16,,,73.21533923303835
861,1.4104591452035038,80.34282320913701,RB-Prior,21,C5,D2,0,16,,,69.75829117481732
861,1.4104591452035038,80.34282320913701,RB-Prior,22,C5,D1,1,17,,,70.90319091400758
861,1.4104591452035038,80.34282320913701,RB-Prior,23,C5,D2,1,18,,,72.16761510605278
861,1.4104591452035038,80.34282320913701,RB-Prior,24,C5,D3,1,19,,,73.51058591826687
861,1.4104591452035038,80.34282320913701,RB-Prior,25,C6,D1,1,20,,,74.4539411206078
861,1.4104591452035038,80.34282320913701,RB-Prior,26,C6,D2,0,20,,,71.40255009107469
861,1.4104591452035038,80.34282320913701,RB-Prior,27,C6,D1,1,21,,,72.3469837076178
861,1.4104591452035038,80.34282320913701,RB-Prior,28,C6,D2,0,21,,,69.58915713680645
861,1.4104591452035038,80.34282320913701,RB-Prior,29,C6,D1,1,22,,,70.52545155993433
861,1.4104591452035038,80.34282320913701,RB-Prior,30,C6,D2,0,22,,,68.01266825019796
861,1.4104591452035038,80.34282320913701,RB-Prior,31,C6,D1,0,22,,,66.05151864667437
861,1.4104591452035038,80.34282320913701,RB-Prior,32,C6,D1,0,22,,,64.2002989536622
861,1.4104591452035038,80.34282320913701,RB-Prior,33,C6,D1,1,23,,,65.17629952744458
861,1.4104591452035038,80.34282320913701,RB-Prior,34,C6,D2,1,24,,,66.2794790566702
861,1.4104591452035038,80.34282320913701,RB-Prior,35,C6,D3,1,25,,,67.48133061778685
861,1.4104591452035038,80.34282320913701,RB-Prior,36,C6,D3,0,25,,,65.15896427400854
861,1.4104591452035038,80.34282320913701,RB-Prior,37,C6,D2,0,25,,,63.29194524036933
861,1.4104591452035038,80.34282320913701,RB-Prior,38,C6,D1,1,26,,,64.14800995024878
861,1.4104591452035038,80.34282320913701,RB-Prior,39,C6,D2,1,27,,,65.12401693889899
861,1.4104591452035038,80.34282320913701,RB-Prior,40,C6,D3,0,27,,,63.11931984755206
861,1.4104591452035038,80.34282320913701,RB-NoPrior,1,C1,D1,1,1,,,100.0
861,1.4104591452035038,80.34282320913701,RB-NoPrior,2,C1,D2,1,2,,,100.0
861,1.4104591452035038,80.34282320913701,RB-NoPrior,3,C1,D3,1,3,,,100.0
861,1.4104591452035038,80.34282320913701,RB-NoPrior,4,C2,D1,1,4,,,100.0
861,1.4104591452035038,80.34282320913701,RB-NoPrior,5,C2,D2,1,5,,,99.99999999999999
861,1.4104591452035038,80.34282320913701,RB-NoPrior,6,C2,D3,1,6,,,100.0
861,1.4104591452035038,80.34282320913701,RB-NoPrior,7,C3,D1,1,7,,,100.0
861,1.4104591452035038,80.34282320913701,RB-NoPrior,8,C3,D2,1,8,,,100.0
861,1.4104591452035038,80.34282320913701,RB-NoPrior,9,C3,D3,1,9,,,100.00000000000001
861,1.4104591452035038,80.34282320913701,RB-NoPrior,10,C4,D1,1,10,,,100.0
861,1.4104591452035038,80.34282320913701,RB-NoPrior,11,C4,D2,1,11,,,100.0
861,1.4104591452035038,80.34282320913701,RB-NoPrior,12,C4,D3,1,12,,,100.0
861,1.4104591452035038,80.34282320913701,RB-NoPrior,13,C5,D1,1,13,,,100.0
861,1.4104591452035038,80.34282320913701,RB-NoPrior,14,C5,D2,0,13,,,91.44602851323829
861,1.4104591452035038,80.34282320913701,RB-NoPrior,15,C5,D1,1,14,,,92.01520912547528
861,1.4104591452035038,80.34282320913701,RB-NoPrior,16,C5,D2,1,15,,,92.6056338028169
861,1.4104591452035038,80.34282320913701,RB-NoPrior,17,C5,D3,0,15,,,85.2512155591572
861,1.4104591452035038,80.34282320913701,RB-NoPrior,18,C5,D2,0,15,,,79.81790591805766
861,1.4104591452035038,80.34282320913701,RB-NoPrior,19,C5,D1,1,16,,,80.835734870317
861,1.4104591452035038,80.34282320913701,RB-NoPrior,20,C5,D2,1,17,,,81.92934782608695
